01111110
00001001
00000000
00000100
01110100
01100101
01110011
01110100
01100101
00101110
01110100
01111000
01110100
00000000
00000000
00000000
01000000
01000111
00101111
00000000
11010101
01110101
00000000
00000000
00000000
11110000
00110010
00000000
11010101
01110101
00000000
00000000
10010000
01010111
10011011
01001000
11111110
01111111
00000000
00000000
10011110
11101110
00001000
00000000
11010101
01110101
00000000
00000000
10010000
01010111
10011011
01001000
11111110
01111111
00000000
00000000
01110110
01100111
00001000
00000000
11010101
01110101
00000000
00000000
01000011
01101100
01101001
00000111